#column_j  4								
#column_d 5								
#column_F2 6								
#H	K	L	Mul	D-space	F^2		a=	15
1	0	0	6	15	20			
1	1	0	6	10.60660172	20			
1	1	1	6	8.660254038	20			
2	0	0	6	7.5	20			
3	0	0	6	5	20			
4	0	0	6	3.75	20			
5	0	0	6	3	20			
6	0	0	6	2.5	20			
7	0	0	6	2.142857143	20			
8	0	0	6	1.875	20			
9	0	0	6	1.666666667	20			
10	0	0	6	1.5	20			
11	0	0	6	1.363636364	20			
12	0	0	6	1.25	20			
13	0	0	6	1.153846154	20			
14	0	0	6	1.071428571	20			
15	0	0	6	1	20			
16	0	0	6	0.9375	20			
17	0	0	6	0.882352941	20			
18	0	0	6	0.833333333	20			
19	0	0	6	0.789473684	20			
20	0	0	6	0.75	20			
21	0	0	6	0.714285714	20			
22	0	0	6	0.681818182	20			
23	0	0	6	0.652173913	20			
24	0	0	6	0.625	20			
25	0	0	6	0.6	20			
26	0	0	6	0.576923077	20			
27	0	0	6	0.555555556	20			
28	0	0	6	0.535714286	20			
29	0	0	6	0.517241379	20			
30	0	0	6	0.5	20			
31	0	0	6	0.483870968	20			
32	0	0	6	0.46875	20			
33	0	0	6	0.454545455	20			
34	0	0	6	0.441176471	20			
35	0	0	6	0.428571429	20			
36	0	0	6	0.416666667	20			
37	0	0	6	0.405405405	20			
38	0	0	6	0.394736842	20			
39	0	0	6	0.384615385	20			
40	0	0	6	0.375	20			
41	0	0	6	0.365853659	20			
42	0	0	6	0.357142857	20			
43	0	0	6	0.348837209	20			
44	0	0	6	0.340909091	20			
45	0	0	6	0.333333333	20			
46	0	0	6	0.326086957	20			
47	0	0	6	0.319148936	20			
48	0	0	6	0.3125	20			
49	0	0	6	0.306122449	20			
50	0	0	6	0.3	20			
51	0	0	6	0.294117647	20			