c use with Guide_tapering.comp
c start position: 12.1645 from moderator, length: 2.355, number of segments: 797
c h1(i)     h2(i)   w1(i)    w2(i)
0.020214825229792042 0.020213617202773853 0.016279439886022762 0.01627535713550377
0.020213617202773853 0.020212396671476063 0.01627535713550377 0.016271267098775362
0.020212396671476066 0.02021116361765583 0.016271267098775365 0.016267169764739867
0.02021116361765583 0.020209918023024628 0.016267169764739867 0.016263065122271082
0.02020991802302462 0.020208659869248025 0.016263065122271086 0.0162589531602142
0.020208659869248025 0.020207389137945588 0.0162589531602142 0.01625483386738566
0.02020738913794559 0.020206105810690607 0.016254833867385653 0.016250707232573054
0.020206105810690607 0.020204809869010066 0.016250707232573054 0.016246573244535087
0.02020480986901007 0.020203501294384373 0.016246573244535087 0.016242431892001353
0.020203501294384373 0.020202180068247252 0.016242431892001353 0.016238283163672342
0.020202180068247255 0.02020084617198557 0.016238283163672342 0.016234127048219266
0.02020084617198557 0.02019949958693909 0.016234127048219266 0.01622996353428398
0.020199499586939094 0.02019814029440045 0.016229963534283978 0.01622579261047886
0.02019814029440045 0.020196768275614865 0.01622579261047886 0.016221614265386708
0.020196768275614865 0.020195383511780015 0.016221614265386708 0.016217428487560644
0.02019538351178002 0.02019398598404587 0.016217428487560647 0.016213235265523988
0.02019398598404587 0.020192575673514474 0.016213235265523988 0.016209034587770142
0.020192575673514478 0.020191152561239857 0.016209034587770146 0.01620482644276252
0.020191152561239857 0.020189716628227793 0.01620482644276252 0.016200610818934393
0.020189716628227796 0.02018826785543565 0.01620061081893439 0.01619638770468879
0.02018826785543565 0.020186806223772193 0.01619638770468879 0.016192157088398416
0.020186806223772197 0.02018533171409744 0.016192157088398412 0.01618791895840549
0.02018533171409744 0.020183844307222486 0.01618791895840549 0.01618367330302168
0.02018384430722249 0.02018234398390929 0.016183673303021683 0.016179420110527965
0.02018234398390929 0.020180830724870525 0.016179420110527965 0.016175159369174522
0.02018083072487053 0.020179304510769387 0.016175159369174526 0.016170891067180615
0.020179304510769387 0.020177765322219432 0.016170891067180615 0.01616661519273449
0.020177765322219432 0.020176213139784363 0.01616661519273449 0.016162331733993243
0.020176213139784367 0.020174647943977893 0.016162331733993243 0.016158040679082723
0.020174647943977893 0.02017306971526351 0.016158040679082723 0.01615374201609739
0.020173069715263513 0.020171478434054348 0.01615374201609739 0.01614943573310023
0.020171478434054348 0.020169874080712948 0.01614943573310023 0.016145121818122627
0.02016987408071295 0.020168256635551128 0.016145121818122624 0.016140800259164218
0.020168256635551128 0.020166626078829738 0.016140800259164218 0.016136471044192798
0.02016662607882974 0.020164982390758545 0.016136471044192795 0.016132134161144226
0.020164982390758545 0.020163325551495952 0.016132134161144226 0.016127789597922253
0.020163325551495956 0.020161655541148925 0.016127789597922257 0.016123437342398444
0.020161655541148925 0.02015997233977267 0.016123437342398444 0.01611907738241203
0.020159972339772673 0.02015827592737058 0.016119077382412035 0.016114709705769815
0.02015827592737058 0.02015656628389392 0.016114709705769815 0.016110334300245995
0.02015656628389392 0.020154843389241728 0.016110334300245995 0.016105951153582133
0.02015484338924173 0.02015310722326057 0.01610595115358213 0.01610156025348694
0.02015310722326057 0.020151357765744348 0.01610156025348694 0.01609716158763621
0.02015135776574435 0.020149594996434143 0.016097161587636213 0.01609275514367268
0.020149594996434143 0.02014781889501798 0.01609275514367268 0.016088340909205887
0.020147818895017985 0.02014602944113065 0.01608834090920589 0.016083918871812063
0.02014602944113065 0.02014422661435346 0.016083918871812063 0.016079489019034016
0.020144226614353465 0.020142410394214178 0.016079489019034016 0.01607505133838098
0.020142410394214178 0.02014058076018663 0.01607505133838098 0.0160706058173285
0.020140580760186634 0.020138737691690667 0.0160706058173285 0.0160661524433183
0.020138737691690667 0.020136881168091883 0.0160661524433183 0.01606169120375817
0.020136881168091886 0.020135011168701422 0.016061691203758166 0.016057222086021807
0.020135011168701422 0.020133127672775815 0.016057222086021807 0.016052745077448718
0.020133127672775815 0.020131230659516674 0.016052745077448718 0.016048260165344042
0.020131230659516677 0.02012932010807063 0.016048260165344046 0.01604376733697851
0.02012932010807063 0.02012739599752901 0.01604376733697851 0.0160392665795882
0.020127395997529014 0.020125458306927663 0.016039266579588204 0.016034757880374468
0.020125458306927663 0.020123507015246775 0.016034757880374468 0.016030241226503823
0.02012350701524678 0.020121542101410636 0.016030241226503827 0.01602571660510776
0.020121542101410636 0.02011956354428744 0.01602571660510776 0.01602118400328266
0.020119563544287445 0.020117571322689085 0.016021184003282656 0.0160166434080896
0.020117571322689085 0.02011556541537088 0.0160166434080896 0.016012094806554286
0.020115565415370885 0.02011354580103147 0.016012094806554286 0.016007538185666883
0.02011354580103147 0.020111512458312497 0.016007538185666883 0.016002973532381847
0.0201115124583125 0.020109465365798447 0.016002973532381847 0.015998400833617855
0.020109465365798447 0.020107404502016427 0.015998400833617855 0.015993820076257607
0.02010740450201643 0.02010532984543591 0.015993820076257603 0.015989231247147722
0.02010532984543591 0.020103241374468592 0.015989231247147722 0.01598463433309858
0.020103241374468592 0.020101139067468066 0.01598463433309858 0.015980029320884187
0.02010113906746807 0.020099022902729715 0.01598002932088419 0.01597541619724205
0.020099022902729715 0.020096892858490378 0.01597541619724205 0.015970794948872997
0.02009689285849038 0.020094748912928208 0.015970794948872994 0.01596616556244106
0.020094748912928208 0.020092591044162424 0.01596616556244106 0.015961528024573346
0.020092591044162427 0.020090419230253075 0.01596152802457335 0.015956882321859857
0.020090419230253075 0.020088233449200812 0.015956882321859857 0.015952228440853373
0.020088233449200816 0.020086033678946694 0.015952228440853377 0.015947566368069287
0.020086033678946694 0.02008381989737188 0.015947566368069287 0.015942896089985486
0.020083819897371884 0.020081592082297504 0.015942896089985482 0.01593821759304216
0.020081592082297504 0.02007935021148436 0.01593821759304216 0.015933530863641708
0.02007935021148436 0.020077094262632718 0.015933530863641708 0.015928835888148543
0.02007709426263272 0.02007482421338205 0.015928835888148547 0.01592413265288897
0.02007482421338205 0.020072540041310812 0.01592413265288897 0.015919421144151027
0.020072540041310812 0.02007024172393626 0.015919421144151024 0.015914701348184335
0.02007024172393626 0.020067929238714102 0.015914701348184335 0.015909973251199933
0.020067929238714106 0.020065602563038364 0.015909973251199937 0.015905236839370163
0.020065602563038364 0.02006326167424109 0.015905236839370163 0.015900492098828486
0.020063261674241092 0.020060906549592132 0.015900492098828486 0.015895739015669305
0.020060906549592132 0.02005853716629889 0.015895739015669305 0.01589097757594788
0.020058537166298893 0.020056153501506056 0.015890977575947884 0.015886207765680116
0.020056153501506056 0.020053755532295423 0.015886207765680116 0.015881429570842417
0.020053755532295416 0.020051343235685554 0.01588142957084242 0.015876642977371555
0.020051343235685554 0.020048916588631643 0.015876642977371555 0.01587184797116446
0.020048916588631647 0.020046475568025173 0.01587184797116446 0.01586704453807812
0.020046475568025173 0.020044020150693703 0.01586704453807812 0.01586223266392939
0.020044020150693703 0.020041550313400606 0.01586223266392939 0.015857412334494832
0.020041550313400602 0.02003906603284485 0.015857412334494836 0.01585258353551056
0.02003906603284485 0.020036567285660688 0.01585258353551056 0.015847746252672074
0.02003656728566069 0.020034054048417495 0.01584774625267207 0.015842900471634103
0.020034054048417495 0.020031526297619395 0.015842900471634103 0.015838046178010438
0.020031526297619392 0.02002898400970506 0.015838046178010438 0.015833183357373763
0.02002898400970506 0.020026427161047494 0.015833183357373763 0.015828311995255504
0.020026427161047498 0.020023855727953715 0.0158283119952555 0.015823432077145635
0.020023855727953715 0.020021269686664487 0.015823432077145635 0.015818543588492547
0.02002126968666449 0.020018669013354112 0.015818543588492547 0.015813646514702854
0.020018669013354112 0.020016053684130113 0.015813646514702854 0.01580874084114123
0.020016053684130113 0.02001342367503301 0.01580874084114123 0.015803826553130233
0.020013423675033015 0.020010778962036003 0.015803826553130233 0.015798903635950164
0.020010778962036003 0.020008119521044768 0.015798903635950164 0.01579397207483885
0.02000811952104477 0.020005445327897147 0.015793972074838854 0.01578903185499152
0.020005445327897147 0.020002756358362853 0.01578903185499152 0.015784082961560583
0.020002756358362857 0.02000005258814327 0.015784082961560583 0.015779125379655486
0.02000005258814327 0.0199973339928711 0.015779125379655486 0.015774159094342544
0.019997333992871104 0.01999460054811015 0.015774159094342544 0.015769184090644726
0.01999460054811015 0.019991852229355036 0.015769184090644726 0.015764200353541525
0.01999185222935503 0.019989089012030878 0.01576420035354153 0.015759207867968746
0.019989089012030878 0.019986310871493048 0.015759207867968746 0.015754206618818333
0.01998631087149305 0.0199835177830269 0.01575420661881833 0.015749196590938215
0.0199835177830269 0.019980709721847463 0.015749196590938215 0.015744177769132093
0.019980709721847466 0.01997788666309914 0.015744177769132086 0.01573915013815925
0.01997788666309914 0.019975048581855497 0.01573915013815925 0.015734113682734432
0.019975048581855497 0.01997219545311887 0.015734113682734432 0.01572906838752759
0.019972195453118877 0.019969327251820195 0.01572906838752759 0.015724014237163724
0.019969327251820195 0.019966443952818602 0.015724014237163724 0.015718951216222722
0.019966443952818606 0.019963545530901218 0.015718951216222726 0.01571387930923914
0.019963545530901218 0.01996063196078281 0.01571387930923914 0.015708798500702014
0.019960631960782814 0.019957703217105514 0.015708798500702018 0.0157037087750547
0.019957703217105514 0.019954759274438565 0.0157037087750547 0.01569861011669466
0.019954759274438568 0.019951800107277956 0.015698610116694663 0.01569350250997328
0.019951800107277956 0.01994882569004615 0.01569350250997328 0.015688385939195672
0.019948825690046152 0.01994583599709179 0.015688385939195675 0.015683260388620494
0.01994583599709179 0.019942831002689437 0.015683260388620494 0.01567812584245974
0.019942831002689437 0.01993981068103914 0.01567812584245974 0.015672982284878574
0.019939810681039144 0.019936775006266293 0.015672982284878567 0.01566782969999507
0.019936775006266293 0.019933723952421174 0.01566782969999507 0.015662668071880107
0.019933723952421177 0.019930657493478787 0.015662668071880104 0.015657497384557104
0.019930657493478787 0.019927575603338406 0.015657497384557104 0.015652317622001827
0.01992757560333841 0.019924478255823382 0.015652317622001827 0.01564712876814223
0.019924478255823382 0.019921365424680735 0.01564712876814223 0.015641930806858204
0.01992136542468074 0.019918237083580915 0.0156419308068582 0.015636723721981403
0.019918237083580915 0.019915093206117424 0.015636723721981403 0.01563150749729503
0.019915093206117427 0.019911933765806574 0.015631507497295034 0.015626282116533646
0.019911933765806574 0.019908758736087058 0.015626282116533646 0.015621047563382954
0.01990875873608706 0.01990556809031972 0.015621047563382957 0.015615803821479585
0.01990556809031972 0.019902361801787182 0.015615803821479585 0.015610550874410906
0.019902361801787175 0.019899139843693552 0.015610550874410909 0.015605288705714794
0.019899139843693552 0.019895902189164063 0.015605288705714794 0.015600017298879453
0.019895902189164063 0.019892648811244768 0.015600017298879453 0.015594736637343162
0.01989264881124477 0.019889379682902192 0.015594736637343162 0.015589446704494116
0.019889379682902192 0.019886094777023026 0.015589446704494116 0.015584147483670152
0.01988609477702303 0.019882794066413762 0.015584147483670147 0.015578838958158574
0.019882794066413762 0.01987947752380033 0.015578838958158574 0.015573521111195946
0.019879477523800333 0.019876145121827872 0.01557352111119595 0.015568193925967826
0.019876145121827872 0.019872796833060282 0.015568193925967826 0.015562857385608612
0.019872796833060286 0.019869432629979904 0.015562857385608616 0.015557511473201252
0.019869432629979904 0.01986605248498722 0.015557511473201252 0.015552156171777087
0.019866052484987223 0.019862656370400456 0.015552156171777092 0.015546791464315597
0.019862656370400456 0.01985924425845526 0.015546791464315597 0.015541417333744164
0.01985924425845526 0.019855816121304368 0.015541417333744164 0.015536033762937895
0.019855816121304375 0.0198523719310172 0.01553603376293789 0.015530640734719341
0.019852371931017205 0.019848911659579572 0.015530640734719344 0.015525238231858321
0.019848911659579572 0.01984543527889328 0.015525238231858321 0.015519826237071646
0.01984543527889328 0.019841942760775794 0.015519826237071646 0.01551440473302293
0.019841942760775798 0.019838434076959857 0.01551440473302293 0.01550897370232232
0.019838434076959857 0.01983490919909317 0.01550897370232232 0.015503533127526328
0.019834909199093167 0.019831368098737957 0.015503533127526331 0.015498082991137516
0.019831368098737957 0.01982781074737068 0.015498082991137516 0.015492623275604297
0.019827810747370684 0.01982423711638162 0.015492623275604299 0.015487153963320736
0.01982423711638162 0.019820647177074543 0.015487153963320736 0.01548167503662627
0.019820647177074536 0.019817040900666265 0.015481675036626267 0.01547618647780545
0.019817040900666265 0.019813418258286364 0.01547618647780545 0.015470688269087766
0.019813418258286364 0.01980977922097675 0.01547068826908777 0.015465180392647345
0.01980977922097675 0.019806123759691287 0.015465180392647345 0.015459662830602752
0.019806123759691287 0.01980245184529545 0.015459662830602752 0.015454135565016713
0.019802451845295454 0.019798763448565897 0.015454135565016706 0.015448598577895881
0.019798763448565897 0.019795058540190112 0.015448598577895881 0.015443051851190598
0.019795058540190116 0.01979133709076604 0.0154430518511906 0.015437495366794644
0.01979133709076604 0.019787599070801628 0.015437495366794644 0.015431929106544978
0.019787599070801624 0.019783844450714506 0.015431929106544982 0.015426353052221484
0.019783844450714506 0.01978007320083157 0.015426353052221484 0.01542076718554674
0.019780073200831562 0.019776285291388567 0.01542076718554674 0.015415171488185749
0.019776285291388567 0.01977248069252973 0.015415171488185749 0.015409565941745662
0.019772480692529733 0.01976865937430738 0.015409565941745664 0.015403950527775587
0.01976865937430738 0.019764821306681456 0.015403950527775587 0.015398325227766237
0.019764821306681456 0.01976096645951922 0.015398325227766237 0.015392690023149774
0.019760966459519223 0.01975709480259475 0.015392690023149769 0.015387044895299453
0.019757094802594757 0.01975320630558861 0.015387044895299457 0.015381389825529404
0.01975320630558861 0.01974930093808739 0.015381389825529404 0.015375724795094404
0.01974930093808739 0.019745378669583286 0.015375724795094404 0.015370049785189518
0.019745378669583293 0.019741439469473765 0.015370049785189516 0.015364364776949916
0.019741439469473765 0.019737483307061012 0.015364364776949916 0.015358669751450565
0.019737483307061016 0.01973351015155164 0.015358669751450569 0.015352964689705971
0.01973351015155164 0.019729519972056197 0.015352964689705971 0.015347249572669894
0.0197295199720562 0.019725512737588765 0.015347249572669896 0.015341524381235086
0.019725512737588765 0.01972148841706649 0.015341524381235086 0.015335789096233014
0.01972148841706649 0.019717446979309244 0.015335789096233014 0.015330043698433587
0.019717446979309248 0.019713388393039082 0.015330043698433589 0.015324288168544847
0.01971338839303908 0.019709312626879878 0.015324288168544845 0.01531852248721274
0.019709312626879878 0.019705219649356884 0.01531852248721274 0.015312746635020798
0.019705219649356884 0.019701109428896257 0.015312746635020798 0.01530696059248987
0.01970110942889626 0.01969698193382464 0.015306960592489873 0.01530116434007782
0.019696981933824645 0.01969283713236872 0.015301164340077823 0.015295357858179261
0.01969283713236872 0.019688674992654746 0.015295357858179261 0.015289541127125262
0.019688674992654746 0.01968449548270814 0.015289541127125262 0.01528371412718304
0.019684495482708144 0.019680298570452975 0.015283714127183039 0.0152778768385557
0.019680298570452975 0.01967608422371157 0.0152778768385557 0.0152720292413819
0.019676084223711574 0.019671852410204034 0.015272029241381905 0.015266171315735612
0.019671852410204034 0.019667603097547733 0.015266171315735612 0.015260303041625758
0.019667603097547736 0.019663336253256933 0.015260303041625758 0.01525442439899596
0.019663336253256933 0.019659051844742252 0.01525442439899596 0.015248535367724228
0.019659051844742252 0.019654749839310214 0.015248535367724228 0.015242635927622645
0.01965474983931021 0.019650430204162805 0.015242635927622643 0.015236726058437086
0.019650430204162805 0.019646092906396965 0.015236726058437086 0.015230805739846883
0.019646092906396965 0.0196417379130041 0.015230805739846883 0.01522487495146453
0.0196417379130041 0.01963736519086966 0.01522487495146453 0.015218933672835392
0.019637365190869664 0.019632974706772586 0.01521893367283539 0.015212981883437372
0.019632974706772586 0.01962856642738489 0.015212981883437372 0.015207019562680585
0.0196285664273849 0.019624140319271097 0.015207019562680581 0.015201046689907077
0.019624140319271097 0.019619696348887827 0.015201046689907077 0.01519506324439049
0.019619696348887824 0.019615234482583222 0.01519506324439049 0.015189069205335748
0.019615234482583222 0.019610754686596524 0.015189069205335748 0.01518306455187871
0.019610754686596524 0.019606256927057517 0.01518306455187871 0.015177049263085895
0.01960625692705752 0.01960174116998608 0.015177049263085897 0.01517102331795412
0.019601741169986083 0.0195972073812916 0.015171023317954117 0.015164986695410172
0.0195972073812916 0.019592655526772543 0.015164986695410172 0.015158939374310525
0.019592655526772543 0.019588085572115912 0.015158939374310525 0.015152881333440938
0.019588085572115912 0.0195834974828967 0.015152881333440938 0.01514681255151618
0.019583497482896704 0.019578891224577427 0.015146812551516182 0.015140733007179677
0.019578891224577427 0.01957426676250757 0.015140733007179677 0.015134642679003163
0.01957426676250757 0.019569624061923068 0.015134642679003163 0.015128541545486355
0.01956962406192307 0.01956496308794579 0.015128541545486348 0.015122429585056604
0.01956496308794579 0.019560283805582997 0.015122429585056604 0.015116306776068577
0.019560283805583004 0.019555586179726803 0.01511630677606858 0.015110173096803863
0.019555586179726803 0.01955087017515364 0.015110173096803863 0.015104028525470672
0.019550870175153633 0.019546135756523714 0.015104028525470672 0.015097873040203458
0.019546135756523714 0.019541382888380497 0.015097873040203458 0.015091706619062577
0.019541382888380497 0.019536611535150135 0.015091706619062577 0.015085529240033934
0.019536611535150128 0.019531821661140883 0.015085529240033937 0.01507934088102864
0.019531821661140886 0.01952701323054263 0.015079340881028643 0.015073141519882614
0.01952701323054263 0.019522186207426243 0.015073141519882614 0.01506693113435627
0.019522186207426243 0.019517340555743102 0.01506693113435627 0.015060709702134115
0.019517340555743105 0.019512476239324443 0.015060709702134117 0.015054477200824427
0.019512476239324443 0.019507593221880847 0.015054477200824427 0.015048233607958827
0.01950759322188085 0.0195026914670017 0.015048233607958832 0.015041978900991989
0.0195026914670017 0.019497770938154496 0.015041978900991989 0.015035713057301192
0.019497770938154496 0.019492831598684396 0.015035713057301194 0.015029436054185984
0.019492831598684396 0.019487873411813572 0.015029436054185984 0.015023147868867819
0.01948787341181358 0.019482896340640647 0.015023147868867817 0.015016848478489634
0.019482896340640647 0.01947790034814006 0.015016848478489634 0.015010537860115518
0.019477900348140065 0.019472885397161556 0.015010537860115523 0.015004215990730293
0.019472885397161556 0.0194678514504295 0.015004215990730293 0.014997882847239142
0.0194678514504295 0.01946279847054235 0.014997882847239142 0.014991538406467211
0.019462798470542348 0.019457726419972014 0.014991538406467208 0.014985182645159235
0.019457726419972007 0.019452635261063236 0.014985182645159236 0.014978815539979137
0.019452635261063236 0.01944752495603302 0.014978815539979137 0.014972437067509625
0.01944752495603302 0.019442395466969988 0.014972437067509625 0.014966047204251803
0.019442395466969985 0.01943724675583376 0.014966047204251804 0.014959645926624769
0.01943724675583376 0.019432078784454344 0.014959645926624769 0.014953233210965203
0.019432078784454347 0.019426891514531513 0.014953233210965207 0.014946809033526985
0.019426891514531513 0.019421684907634136 0.014946809033526985 0.014940373370480745
0.01942168490763414 0.019416458925199605 0.014940373370480748 0.0149339261979135
0.019416458925199605 0.01941121352853315 0.0149339261979135 0.014927467491828198
0.01941121352853315 0.019405948678807204 0.014927467491828198 0.014920997228143346
0.019405948678807197 0.019400664337060763 0.014920997228143345 0.014914515382692542
0.019400664337060756 0.019395360464198735 0.01491451538269254 0.014908021931224088
0.019395360464198735 0.0193900370209913 0.014908021931224088 0.014901516849400562
0.0193900370209913 0.019384693968073206 0.014901516849400562 0.014895000112798373
0.01938469396807321 0.019379331265943163 0.014895000112798379 0.014888471696907359
0.019379331265943163 0.019373948874963135 0.014888471696907359 0.014881931577130317
0.019373948874963135 0.01936854675535767 0.014881931577130322 0.014875379728782612
0.01936854675535767 0.01936312486721324 0.014875379728782612 0.014868816127091693
0.019363124867213245 0.019357683170477577 0.014868816127091693 0.014862240747196699
0.019357683170477577 0.01935222162495894 0.014862240747196699 0.014855653564147975
0.019352221624958938 0.01934674019032546 0.014855653564147977 0.014849054552906646
0.01934674019032546 0.019341238826104425 0.014849054552906646 0.014842443688344175
0.019341238826104428 0.019335717491681635 0.014842443688344179 0.014835820945241883
0.019335717491681635 0.019330176146300625 0.014835820945241883 0.014829186298290513
0.019330176146300625 0.019324614749061997 0.014829186298290513 0.014822539722089774
0.019324614749061993 0.019319033258922726 0.014822539722089778 0.01481588119114788
0.01931903325892273 0.019313431634695396 0.014815881191147878 0.014809210679881056
0.019313431634695396 0.019307809835047526 0.014809210679881056 0.014802528162613118
0.019307809835047526 0.019302167818500828 0.014802528162613118 0.014795833613574963
0.01930216781850083 0.01929650554343044 0.014795833613574965 0.014789127006904117
0.01929650554343044 0.019290822968064284 0.014789127006904117 0.014782408316644268
0.019290822968064277 0.019285120050482198 0.014782408316644267 0.014775677516744742
0.019285120050482198 0.01927939674861532 0.01477567751674474 0.014768934581060062
0.019279396748615313 0.019273653020245245 0.014768934581060059 0.01476217948334945
0.019273653020245245 0.019267888823003308 0.014762179483349448 0.014755412197276324
0.019267888823003308 0.019262104114369853 0.014755412197276324 0.014748632696407846
0.019262104114369853 0.019256298851673403 0.014748632696407846 0.014741840954214361
0.019256298851673403 0.019250472992089932 0.014741840954214361 0.014735036944068957
0.019250472992089932 0.019244626492642112 0.014735036944068957 0.014728220639246937
0.019244626492642112 0.01923875931019849 0.014728220639246937 0.0147213920129253
0.01923875931019849 0.019232871401472694 0.0147213920129253 0.014714551038182267
0.019232871401472694 0.019226962723022722 0.014714551038182267 0.01470769768799674
0.019226962723022725 0.019221033231250063 0.014707697687996743 0.014700831935247795
0.019221033231250063 0.019215082882398923 0.014700831935247793 0.01469395375271415
0.019215082882398916 0.019209111632555446 0.01469395375271415 0.014687063113073676
0.019209111632555457 0.0192031194376469 0.014687063113073676 0.01468015998890283
0.0192031194376469 0.019197106253440798 0.01468015998890283 0.014673244352676156
0.019197106253440795 0.019191072035544147 0.014673244352676154 0.014666316176765714
0.019191072035544147 0.019185016739402608 0.014666316176765714 0.014659375433440598
0.019185016739402608 0.019178940320299653 0.014659375433440598 0.014652422094866353
0.019178940320299653 0.01917284273335569 0.014652422094866353 0.014645456133104423
0.01917284273335569 0.0191667239335273 0.014645456133104423 0.014638477520111645
0.0191667239335273 0.01916058387560633 0.014638477520111645 0.014631486227739656
0.01916058387560633 0.019154422514219036 0.014631486227739656 0.014624482227734364
0.019154422514219033 0.019148239803825268 0.014624482227734362 0.014617465491735366
0.019148239803825268 0.019142035698717544 0.014617465491735366 0.01461043599127541
0.01914203569871754 0.01913581015302023 0.014610435991275407 0.014603393697779809
0.01913581015302023 0.019129563120688624 0.01460339369777981 0.014596338582565874
0.019129563120688624 0.019123294555508097 0.014596338582565873 0.014589270616842339
0.019123294555508097 0.019117004411093187 0.01458927061684234 0.014582189771708783
0.019117004411093184 0.019110692640886703 0.01458218977170878 0.014575096018155048
0.019110692640886703 0.01910435919815884 0.014575096018155048 0.014567989327060651
0.01910435919815884 0.01909800403600625 0.014567989327060651 0.014560869669194183
0.01909800403600625 0.01909162710735115 0.014560869669194183 0.014553737015212741
0.01909162710735115 0.019085228364940365 0.014553737015212741 0.014546591335661307
0.019085228364940365 0.01907880776134442 0.014546591335661307 0.014539432600972122
0.01907880776134442 0.019072365248956648 0.014539432600972122 0.014532260781464138
0.019072365248956644 0.019065900779992165 0.014532260781464136 0.014525075847342363
0.019065900779992165 0.019059414306486992 0.014525075847342365 0.014517877768697243
0.019059414306486992 0.01905290578029708 0.01451787776869724 0.01451066651550406
0.019052905780297082 0.01904637515309734 0.01451066651550406 0.014503442057622303
0.01904637515309734 0.0190398223763807 0.014503442057622301 0.01449620436479503
0.019039822376380702 0.0190332474014571 0.014496204364795024 0.014488953406648245
0.0190332474014571 0.019026650179452542 0.014488953406648243 0.014481689152690245
0.019026650179452542 0.019020030661308092 0.014481689152690245 0.014474411572311009
0.019020030661308092 0.019013388797778894 0.014474411572311009 0.0144671206347815
0.019013388797778894 0.019006724539433143 0.0144671206347815 0.01445981630925307
0.019006724539433143 0.019000037836651117 0.01445981630925307 0.01445249856475675
0.019000037836651117 0.018993328639624128 0.01445249856475675 0.014445167370202634
0.018993328639624128 0.018986596898353532 0.014445167370202634 0.014437822694379192
0.01898659689835354 0.018979842562649674 0.01443782269437919 0.014430464505952595
0.018979842562649677 0.018973065582130865 0.014430464505952595 0.014423092773466043
0.01897306558213086 0.018966265906222336 0.01442309277346605 0.014415707465339109
0.018966265906222333 0.018959443484155188 0.014415707465339113 0.01440830854986702
0.018959443484155188 0.01895259826496534 0.014408308549867018 0.01440089599521997
0.018952598264965332 0.018945730197492443 0.014400895995219971 0.014393469769442462
0.01894573019749244 0.018938839230378847 0.01439346976944246 0.014386029840452562
0.018938839230378847 0.018931925312068474 0.014386029840452562 0.014378576176041227
0.018931925312068474 0.01892498839080577 0.014378576176041227 0.014371108743871583
0.01892498839080577 0.018918028414634577 0.014371108743871583 0.014363627511478202
0.018918028414634577 0.018911045331397043 0.014363627511478202 0.014356132446266401
0.018911045331397043 0.018904039088732543 0.014356132446266401 0.014348623515511498
0.018904039088732543 0.01889700963407648 0.014348623515511498 0.014341100686358098
0.01889700963407648 0.018889956914659233 0.014341100686358098 0.014333563925819344
0.018889956914659233 0.018882880877505004 0.014333563925819344 0.014326013200776179
0.018882880877505004 0.018875781469430638 0.014326013200776179 0.014318448477976609
0.018875781469430634 0.018868658637044507 0.014318448477976607 0.014310869724034935
0.018868658637044507 0.01886151232674536 0.014310869724034935 0.014303276905431012
0.01886151232674536 0.018854342484721117 0.014303276905431012 0.014295669988509467
0.018854342484721117 0.0188471490569477 0.014295669988509467 0.014288048939478956
0.0188471490569477 0.018839931989187885 0.014288048939478956 0.014280413724411372
0.018839931989187885 0.018832691226990054 0.014280413724411372 0.014272764309241048
0.018832691226990054 0.018825426715687047 0.014272764309241048 0.014265100659764026
0.018825426715687047 0.018818138400394882 0.014265100659764026 0.0142574227416372
0.018818138400394882 0.018810826226011625 0.0142574227416372 0.014249730520377561
0.018810826226011625 0.018803490137216067 0.014249730520377561 0.014242023961361391
0.018803490137216067 0.01879613007846656 0.014242023961361391 0.014234303029823439
0.01879613007846656 0.01878874599399972 0.014234303029823439 0.014226567690856107
0.01878874599399972 0.018781337827829196 0.014226567690856107 0.014218817909408635
0.018781337827829196 0.018773905523744402 0.014218817909408635 0.014211053650286288
0.018773905523744402 0.018766449025309235 0.014211053650286284 0.014203274878149482
0.018766449025309235 0.0187589682758608 0.014203274878149482 0.014195481557512988
0.0187589682758608 0.018751463218508086 0.014195481557512988 0.014187673652745062
0.018751463218508086 0.018743933796130718 0.014187673652745062 0.014179851128066594
0.018743933796130718 0.0187363799513776 0.014179851128066594 0.014172013947550261
0.0187363799513776 0.0187288016266656 0.014172013947550261 0.01416416207511964
0.0187288016266656 0.01872119876417823 0.01416416207511964 0.014156295474548369
0.01872119876417823 0.01871357130586428 0.014156295474548369 0.014148414109459221
0.01871357130586428 0.018705919193436494 0.014148414109459221 0.014140517943323286
0.018705919193436494 0.0186982423683702 0.014140517943323286 0.014132606939459008
0.0186982423683702 0.018690540771901912 0.014132606939459008 0.014124681061031333
0.018690540771901912 0.01868281434502798 0.014124681061031333 0.014116740271050789
0.01868281434502798 0.018675063028503188 0.014116740271050789 0.014108784532372574
0.018675063028503185 0.018667286762839318 0.014108784532372572 0.014100813807695631
0.018667286762839318 0.018659485488303786 0.014100813807695631 0.014092828059561741
0.018659485488303786 0.018651659144918183 0.014092828059561741 0.01408482725035457
0.018651659144918183 0.018643807672456856 0.01408482725035457 0.01407681134229873
0.018643807672456856 0.018635931010445438 0.01407681134229873 0.014068780297458854
0.018635931010445438 0.018628029098159405 0.014068780297458854 0.014060734077738595
0.018628029098159405 0.018620101874622638 0.014060734077738595 0.014052672644879721
0.018620101874622638 0.01861214927860587 0.014052672644879721 0.014044595960461105
0.01861214927860587 0.018604171248625255 0.014044595960461105 0.014036503985897753
0.018604171248625255 0.018596167722940853 0.014036503985897753 0.01402839668243984
0.018596167722940853 0.018588138639555107 0.01402839668243984 0.014020274011171683
0.018588138639555107 0.0185800839362113 0.014020274011171683 0.014012135933010792
0.0185800839362113 0.018572003550392055 0.014012135933010792 0.014003982408706797
0.018572003550392055 0.018563897419317764 0.014003982408706797 0.013995813398840488
0.018563897419317764 0.01855576547994502 0.013995813398840488 0.01398762886382276
0.01855576547994502 0.018547607668965065 0.01398762886382276 0.013979428763893595
0.018547607668965065 0.018539423922802174 0.013979428763893595 0.013971213059121013
0.018539423922802174 0.018531214177612085 0.013971213059121013 0.013962981709400031
0.018531214177612085 0.01852297836928038 0.013962981709400031 0.013954734674451604
0.01852297836928038 0.01851471643342086 0.013954734674451604 0.013946471913821564
0.01851471643342086 0.01850642830537389 0.013946471913821564 0.013938193386879528
0.01850642830537389 0.0184981139202048 0.013938193386879528 0.01392989905281786
0.0184981139202048 0.018489773212702176 0.01392989905281786 0.013921588870650528
0.018489773212702176 0.01848140611737621 0.013921588870650528 0.013913262799212034
0.01848140611737621 0.01847301256845699 0.013913262799212034 0.01390492079715632
0.01847301256845699 0.018464592499892827 0.01390492079715632 0.013896562822955602
0.018464592499892823 0.01845614584534853 0.013896562822955606 0.013888188834899312
0.01845614584534853 0.01844767253820368 0.013888188834899312 0.013879798791092907
0.01844767253820368 0.018439172511550878 0.013879798791092907 0.013871392649456745
0.018439172511550878 0.018430645698193995 0.013871392649456745 0.013862970367724952
0.018430645698193995 0.018422092030646414 0.013862970367724952 0.013854531903444225
0.018422092030646414 0.018413511441129245 0.013854531903444225 0.01384607721397269
0.018413511441129245 0.018404903861569507 0.01384607721397269 0.013837606256478707
0.018404903861569507 0.018396269223598324 0.013837606256478707 0.013829118987939681
0.018396269223598324 0.018387607458549136 0.013829118987939681 0.013820615365140858
0.018387607458549136 0.018378918497455814 0.013820615365140858 0.01381209534467414
0.018378918497455814 0.018370202271050802 0.01381209534467414 0.013803558882936825
0.018370202271050802 0.01836145870976328 0.013803558882936825 0.013795005936130415
0.01836145870976328 0.018352687743717268 0.013795005936130415 0.013786436460259364
0.018352687743717268 0.018343889302729705 0.013786436460259361 0.013777850411129805
0.018343889302729705 0.01833506331630857 0.013777850411129805 0.013769247744348335
0.01833506331630857 0.018326209713650895 0.013769247744348335 0.01376062841532071
0.018326209713650895 0.018317328423640873 0.01376062841532071 0.013751992379250578
0.018317328423640873 0.018308419374847885 0.013751992379250578 0.013743339591138179
0.018308419374847885 0.018299482495524474 0.013743339591138179 0.013734670005779064
0.018299482495524474 0.018290517713604425 0.013734670005779064 0.013725983577762753
0.018290517713604425 0.018281524956700695 0.013725983577762753 0.01371728026147144
0.018281524956700695 0.018272504152103398 0.01371728026147144 0.013708560011078643
0.018272504152103398 0.018263455226777782 0.013708560011078643 0.013699822780547865
0.018263455226777782 0.018254378107362145 0.013699822780547865 0.013691068523631215
0.018254378107362145 0.018245272720165767 0.013691068523631215 0.013682297193868086
0.018245272720165767 0.018236138991166818 0.013682297193868086 0.013673508744583729
0.018236138991166818 0.018226976846010236 0.013673508744583727 0.013664703128887895
0.018226976846010236 0.018217786210005592 0.013664703128887895 0.013655880299673413
0.018217786210005592 0.01820856700812498 0.013655880299673413 0.013647040209614781
0.01820856700812498 0.018199319165000796 0.013647040209614781 0.013638182811166747
0.018199319165000796 0.018190042604923594 0.013638182811166747 0.013629308056562863
0.018190042604923594 0.018180737251839864 0.013629308056562863 0.013620415897814028
0.018180737251839864 0.01817140302934983 0.013620415897814028 0.013611506286707051
0.01817140302934983 0.018162039860705203 0.013611506286707051 0.01360257917480314
0.018162039860705203 0.018152647668806914 0.01360257917480314 0.013593634513436445
0.018152647668806914 0.01814322637620284 0.013593634513436445 0.013584672253712534
0.01814322637620284 0.01813377590508554 0.013584672253712534 0.013575692346506909
0.01813377590508554 0.018124296177289886 0.013575692346506909 0.013566694742463442
0.018124296177289886 0.018114787114290765 0.013566694742463442 0.013557679391992872
0.01811478711429076 0.018105248637200727 0.013557679391992872 0.013548646245271231
0.018105248637200727 0.018095680666767595 0.013548646245271231 0.013539595252238282
0.018095680666767595 0.018086083123372062 0.013539595252238282 0.013530526362595949
0.018086083123372062 0.018076455927025316 0.013530526362595949 0.013521439525806703
0.018076455927025316 0.018066798997366556 0.013521439525806703 0.013512334691091985
0.018066798997366556 0.018057112253660575 0.013512334691091985 0.013503211807430556
0.018057112253660575 0.01804739561479525 0.013503211807430556 0.013494070823556886
0.01804739561479525 0.018037648999279073 0.013494070823556886 0.013484911687959499
0.018037648999279073 0.01802787232523862 0.013484911687959499 0.01347573434887929
0.01802787232523862 0.018018065510416 0.01347573434887929 0.013466538754307875
0.018018065510416 0.01800822847216629 0.013466538754307875 0.013457324851985893
0.01800822847216629 0.017998361127454978 0.013457324851985893 0.013448092589401273
0.017998361127454978 0.017988463392855324 0.013448092589401273 0.013438841913787549
0.017988463392855328 0.01797853518454575 0.01343884191378755 0.013429572772122098
0.01797853518454575 0.01796857641830715 0.013429572772122098 0.013420285111124402
0.01796857641830715 0.01795858700952027 0.013420285111124402 0.013410978877254254
0.01795858700952027 0.017948566873162965 0.013410978877254254 0.013401654016710009
0.017948566873162965 0.017938515923807487 0.013401654016710009 0.01339231047542676
0.017938515923807487 0.01792843407561774 0.01339231047542676 0.013382948199074533
0.01792843407561774 0.01791832124234649 0.013382948199074533 0.01337356713305645
0.01791832124234649 0.017908177337332618 0.01337356713305645 0.013364167222506884
0.017908177337332618 0.01789800227349824 0.013364167222506884 0.013354748412289588
0.01789800227349824 0.017887795963345887 0.013354748412289588 0.013345310646995824
0.017887795963345887 0.017877558318955652 0.013345310646995824 0.01333585387094245
0.017877558318955652 0.017867289251982253 0.01333585387094245 0.013326378028170022
0.017867289251982253 0.01785698867365216 0.013326378028170022 0.013316883062440851
0.01785698867365216 0.017846656494760575 0.013316883062440851 0.01330736891723705
0.01784665649476057 0.017836292625668552 0.013307368917237052 0.013297835535758574
0.017836292625668552 0.01782589697629992 0.013297835535758574 0.013288282860921229
0.01782589697629992 0.017815469456138284 0.013288282860921229 0.01327871083535467
0.017815469456138284 0.017805009974223962 0.01327871083535467 0.013269119401400376
0.017805009974223962 0.01779451843915091 0.013269119401400376 0.01325950850110961
0.01779451843915091 0.01778399475906361 0.01325950850110961 0.013249878076241374
0.01778399475906361 0.017773438841653933 0.013249878076241374 0.013240228068260309
0.017773438841653933 0.017762850594157952 0.013240228068260309 0.013230558418334598
0.017762850594157952 0.017752229923352764 0.013230558418334598 0.013220869067333886
0.017752229923352764 0.017741576735553273 0.013220869067333886 0.013211159955827096
0.017741576735553273 0.017730890936608925 0.013211159955827096 0.0132014310240803
0.017730890936608925 0.017720172431900414 0.0132014310240803 0.013191682212054537
0.017720172431900414 0.01770942112633637 0.013191682212054537 0.01318191345940362
0.017709421126336368 0.017698636924350045 0.01318191345940362 0.013172124705471912
0.017698636924350045 0.017687819729895898 0.013172124705471912 0.013162315889292106
0.017687819729895898 0.017676969446446204 0.013162315889292106 0.013152486949582941
0.017676969446446204 0.017666085976987614 0.013152486949582941 0.013142637824746952
0.017666085976987614 0.017655169224017712 0.013142637824746952 0.01313276845286815
0.017655169224017712 0.01764421908954146 0.01313276845286815 0.013122878771709706
0.01764421908954146 0.017633235475067708 0.013122878771709706 0.013112968718711598
0.017633235475067708 0.017622218281605605 0.013112968718711598 0.013103038230988266
0.017622218281605605 0.017611167409661007 0.013103038230988266 0.01309308724532621
0.017611167409661007 0.01760008275923284 0.01309308724532621 0.01308311569818158
0.01760008275923284 0.017588964229809434 0.01308311569818158 0.013073123525677728
0.017588964229809434 0.01757781172036481 0.013073123525677728 0.013063110663602788
0.01757781172036481 0.01756662512935498 0.013063110663602788 0.013053077047407165
0.017566625129354977 0.017555404354714105 0.013053077047407165 0.013043022612201033
0.017555404354714105 0.017544149293850755 0.013043022612201033 0.013032947292751817
0.017544149293850755 0.017532859843644017 0.013032947292751817 0.013022851023481635
0.017532859843644017 0.017521535900439658 0.013022851023481635 0.013012733738464732
0.017521535900439658 0.017510177360046158 0.013012733738464732 0.013002595371424857
0.017510177360046158 0.017498784117730804 0.013002595371424857 0.012992435855732652
0.017498784117730804 0.01748735606821564 0.012992435855732652 0.012982255124402991
0.01748735606821564 0.0174758931056735 0.012982255124402991 0.012972053110092313
0.0174758931056735 0.017464395123723896 0.012972053110092313 0.012961829745095904
0.017464395123723896 0.017452862015428908 0.012961829745095904 0.012951584961345186
0.017452862015428908 0.01744129367328907 0.012951584961345186 0.012941318690404931
0.01744129367328907 0.017429689989239137 0.012941318690404931 0.012931030863470507
0.017429689989239137 0.01741805085464389 0.012931030863470507 0.012920721411365035
0.017418050854643888 0.01740637616029385 0.012920721411365034 0.012910390264536586
0.01740637616029385 0.017394665796400966 0.012910390264536586 0.012900037353055288
0.017394665796400966 0.017382919652594274 0.012900037353055288 0.012889662606610432
0.017382919652594274 0.01737113761791549 0.012889662606610432 0.01287926595450756
0.01737113761791549 0.017359319580814565 0.01287926595450756 0.012868847325665497
0.017359319580814565 0.01734746542914522 0.012868847325665497 0.012858406648613393
0.01734746542914522 0.017335575050160403 0.012858406648613393 0.012847943851487683
0.017335575050160403 0.017323648330507722 0.012847943851487683 0.012837458862029048
0.017323648330507722 0.017311685156224853 0.012837458862029048 0.012826951607579367
0.017311685156224853 0.01729968541273482 0.012826951607579367 0.012816422015078585
0.01729968541273482 0.01728764898484136 0.012816422015078585 0.0128058700110616
0.01728764898484136 0.017275575756724098 0.0128058700110616 0.012795295521655072
0.017275575756724098 0.017263465611933808 0.012795295521655072 0.012784698472574253
0.017263465611933808 0.017251318433387498 0.012784698472574258 0.012774078789119743
0.017251318433387498 0.017239134103363585 0.012774078789119743 0.012763436396174214
0.017239134103363585 0.01722691250349687 0.012763436396174214 0.01275277121819913
0.01722691250349687 0.017214653514773595 0.01275277121819913 0.012742083179231417
0.017214653514773595 0.01720235701752637 0.012742083179231417 0.012731372202880087
0.01720235701752637 0.017190022891429096 0.012731372202880087 0.01272063821232285
0.017190022891429096 0.017177651015491784 0.01272063821232285 0.01270988113030267
0.017177651015491784 0.017165241268055364 0.01270988113030267 0.012699100879124313
0.017165241268055364 0.017152793526786447 0.012699100879124313 0.012688297380650814
0.017152793526786447 0.017140307668671997 0.012688297380650814 0.012677470556299975
0.017140307668671997 0.017127783570013964 0.012677470556299975 0.012666620327040743
0.017127783570013964 0.017115221106423866 0.012666620327040743 0.012655746613389631
0.017115221106423866 0.017102620152817348 0.012655746613389631 0.01264484933540705
0.017102620152817348 0.0170899805834086 0.012644849335407054 0.012633928412693625
0.0170899805834086 0.0170773022717048 0.012633928412693625 0.012622983764386449
0.0170773022717048 0.01706458509050047 0.012622983764386449 0.012612015309155336
0.01706458509050047 0.01705182891187176 0.012612015309155336 0.012601022965199002
0.01705182891187176 0.017039033607170694 0.012601022965199002 0.012590006650241225
0.017039033607170694 0.017026199047019328 0.012590006650241225 0.01257896628152694
0.017026199047019328 0.017013325101303906 0.01257896628152694 0.01256790177581833
0.017013325101303906 0.017000411639168874 0.01256790177581833 0.012556813049390844
0.017000411639168874 0.016987458529010895 0.012556813049390844 0.01254570001802918
0.016987458529010895 0.016974465638472755 0.01254570001802918 0.01253456259702323
0.016974465638472755 0.016961432834437275 0.01253456259702323 0.012523400701164
0.016961432834437275 0.01694835998302106 0.012523400701164 0.012512214244739429
0.01694835998302106 0.01693524694956826 0.012512214244739429 0.012501003141530232
0.01693524694956826 0.016922093598644224 0.012501003141530236 0.012489767304805667
0.016922093598644224 0.016908899794029146 0.012489767304805667 0.012478506647319223
0.016908899794029146 0.016895665398711516 0.012478506647319223 0.012467221081304337
0.016895665398711516 0.01688239027488167 0.012467221081304337 0.01245591051847
0.01688239027488167 0.016869074283925114 0.01245591051847 0.012444574869996335
0.016869074283925114 0.0168557172864159 0.012444574869996335 0.012433214046530142
0.0168557172864159 0.016842319142109846 0.012433214046530142 0.012421827958180363
0.016842319142109846 0.016828879709937718 0.012421827958180363 0.012410416514513549
0.016828879709937718 0.016815398847998347 0.012410416514513549 0.012398979624549208
0.016815398847998347 0.016801876413551648 0.012398979624549208 0.012387517196755161
0.016801876413551648 0.016788312263011564 0.012387517196755161 0.012376029139042816
0.016788312263011564 0.01677470625193897 0.012376029139042816 0.01236451535876239
0.01677470625193897 0.01676105823503445 0.01236451535876239 0.01235297576269812
0.01676105823503445 0.016747368066131023 0.012352975762698117 0.012341410257063338
0.016747368066131023 0.0167336355981868 0.012341410257063338 0.012329818747495573
0.0167336355981868 0.0167198606832775 0.012329818747495573 0.012318201139051556
0.0167198606832775 0.01670604317258897 0.012318201139051556 0.012306557336202178
0.01670604317258897 0.016692182916409577 0.012306557336202178 0.012294887242827398
0.016692182916409577 0.016678279764122474 0.012294887242827398 0.012283190762211073
0.016678279764122474 0.01666433356419788 0.012283190762211073 0.012271467797035755
0.01666433356419788 0.01665034416418518 0.012271467797035755 0.012259718249377423
0.01665034416418518 0.01663631141070498 0.012259718249377423 0.012247942020700134
0.01663631141070498 0.0166222351494411 0.012247942020700134 0.012236139011850649
0.0166222351494411 0.016608115225132388 0.012236139011850649 0.01222430912305297
0.016608115225132388 0.016593951481564544 0.01222430912305297 0.012212452253902818
0.016593951481564544 0.016579743761561783 0.012212452253902818 0.012200568303362053
0.016579743761561783 0.016565491906978442 0.012200568303362053 0.012188657169753052
0.016565491906978435 0.01655119575869046 0.01218865716975305 0.012176718750752972
0.01655119575869046 0.016536855156586785 0.012176718750752972 0.012164752943387987
0.016536855156586785 0.016522469939560684 0.012164752943387987 0.012152759644027445
0.016522469939560684 0.016508039945500926 0.012152759644027445 0.012140738748377976
0.016508039945500926 0.016493565011282903 0.012140738748377976 0.012128690151477472
0.016493565011282903 0.016479044972759614 0.012128690151477472 0.012116613747689088
0.016479044972759614 0.01646447966475256 0.012116613747689088 0.012104509430695085
0.01646447966475256 0.01644986892104254 0.012104509430695085 0.012092377093490668
0.01644986892104254 0.01643521257436035 0.012092377093490668 0.012080216628377705
0.01643521257436035 0.016420510456377303 0.012080216628377705 0.012068027926958397
0.016420510456377303 0.016405762397695766 0.012068027926958397 0.012055810880128864
0.016405762397695766 0.01639096822783947 0.012055810880128864 0.01204356537807267
0.01639096822783947 0.016376127775243735 0.01204356537807267 0.012031291310254233
0.016376127775243735 0.016361240867245646 0.01203129131025423 0.012018988565412206
0.016361240867245646 0.016346307330074035 0.012018988565412206 0.012006657031552752
0.016346307330074035 0.016331326988839354 0.012006657031552752 0.011994296595942722
0.016331326988839354 0.016316299667523477 0.011994296595942722 0.011981907145102794
0.016316299667523477 0.01630122518896935 0.011981907145102794 0.0119694885648005
0.01630122518896935 0.01628610337487049 0.0119694885648005 0.011957040740043166
0.01628610337487049 0.01627093404576042 0.011957040740043166 0.011944563555070785
0.01627093404576042 0.016255717021001922 0.011944563555070785 0.011932056893348785
0.016255717021001922 0.016240452118776193 0.011932056893348785 0.011919520637560733
0.016240452118776193 0.016225139156071867 0.011919520637560733 0.011906954669600924
0.016225139156071867 0.01620977794867389 0.011906954669600924 0.011894358870566878
0.01620977794867389 0.016194368311152268 0.011894358870566878 0.011881733120751801
0.016194368311152268 0.016178910056850678 0.011881733120751801 0.011869077299636849
0.016178910056850675 0.01616340299787496 0.011869077299636849 0.011856391285883406
0.01616340299787496 0.01614784694508144 0.011856391285883406 0.0118436749573252
0.01614784694508144 0.016132241708065098 0.0118436749573252 0.01183092819096033
0.016132241708065098 0.016116587095147655 0.01183092819096033 0.011818150862943222
0.016116587095147655 0.01610088291336545 0.011818150862943222 0.011805342848576443
0.01610088291336545 0.01608512896845719 0.011805342848576443 0.011792504022302459
0.01608512896845719 0.016069325064851536 0.011792504022302459 0.011779634257695244
0.016069325064851536 0.01605347100565459 0.011779634257695244 0.01176673342745182
0.01605347100565459 0.016037566592637133 0.01176673342745182 0.011753801403383663
0.016037566592637133 0.01602161162622178 0.011753801403383663 0.011740838056408028
0.01602161162622178 0.01600560590546995 0.011740838056408028 0.011727843256539134
0.01600560590546995 0.01598954922806866 0.011727843256539134 0.011714816872879247
0.01598954922806866 0.015973441390317176 0.011714816872879247 0.011701758773609688
0.015973441390317176 0.01595728218711347 0.011701758773609686 0.011688668825981637
0.01595728218711347 0.015941071411940528 0.011688668825981637 0.011675546896306926
0.015941071411940528 0.015924808856852483 0.011675546896306926 0.011662392849948624
0.015924808856852483 0.01590849431246054 0.011662392849948624 0.011649206551311556
0.01590849431246054 0.015892127567918767 0.011649206551311556 0.01163598786383268
0.015892127567918767 0.015875708410909673 0.01163598786383268 0.011622736649971325
0.015875708410909673 0.015859236627629607 0.011622736649971325 0.011609452771199336
0.015859236627629607 0.015842712002773984 0.011609452771199336 0.011596136087991052
0.015842712002773984 0.015826134319522293 0.011596136087991052 0.0115827864598132
0.015826134319522293 0.015809503359522935 0.0115827864598132 0.011569403745114587
0.015809503359522935 0.01579281890287786 0.011569403745114587 0.011555987801315738
0.01579281890287786 0.015776080728126977 0.011555987801315738 0.011542538484798321
0.015776080728126977 0.015759288612232417 0.011542538484798321 0.011529055650894493
0.015759288612232417 0.015742442330562514 0.011529055650894491 0.011515539153876072
0.015742442330562514 0.015725541656875643 0.011515539153876072 0.01150198884694356
0.015725541656875643 0.01570858636330382 0.01150198884694356 0.011488404582215044
0.01570858636330382 0.015691576220336064 0.011488404582215044 0.011474786210714922
0.015691576220336064 0.01567451099680157 0.011474786210714922 0.011461133582362504
0.01567451099680157 0.015657390459852646 0.011461133582362504 0.01144744654596043
0.015657390459852646 0.015640214374947416 0.01144744654596043 0.011433724949182959
0.015640214374947416 0.015622982505832293 0.011433724949182959 0.01141996863856407
0.015622982505832293 0.015605694614524244 0.01141996863856407 0.01140617745948544
0.015605694614524244 0.015588350461292763 0.01140617745948544 0.01139235125616421
0.015588350461292763 0.015570949804641633 0.01139235125616421 0.01137848987164063
0.015570949804641633 0.015553492401290472 0.01137848987164063 0.011364593147765492
0.015553492401290472 0.015535978006155962 0.011364593147765492 0.011350660925187439
0.015535978006155958 0.015518406372332845 0.011350660925187437 0.011336693043340028
0.015518406372332845 0.015500777251074708 0.011336693043340028 0.011322689340428698
0.015500777251074708 0.01548309039177444 0.011322689340428698 0.011308649653417477
0.01548309039177444 0.015465345541944434 0.011308649653417477 0.011294573818015574
0.015465345541944434 0.01544754244719654 0.011294573818015574 0.011280461668663725
0.01544754244719654 0.01542968085122173 0.011280461668663725 0.011266313038520381
0.01542968085122173 0.015411760495769483 0.011266313038520381 0.011252127759447695
0.015411760495769483 0.015393781120626844 0.011252127759447695 0.011237905661997291
0.015393781120626844 0.015375742463597257 0.011237905661997291 0.011223646575395886
0.015375742463597257 0.01535764426047905 0.011223646575395886 0.011209350327530615
0.01535764426047905 0.015339486245043644 0.011209350327530615 0.011195016744934259
0.015339486245043644 0.015321268149013426 0.011195016744934259 0.011180645652770155
0.015321268149013426 0.015302989702039351 0.011180645652770155 0.011166236874816975
0.015302989702039351 0.015284650631678177 0.011166236874816977 0.011151790233453227
0.015284650631678177 0.015266250663369433 0.011151790233453227 0.011137305549641553
0.015266250663369433 0.015247789520411973 0.011137305549641553 0.011122782642912821
0.015247789520411973 0.015229266923940308 0.011122782642912821 0.011108221331349933
0.015229266923940308 0.015210682592900485 0.011108221331349933 0.011093621431571457
0.015210682592900485 0.015192036244025682 0.011093621431571457 0.011078982758714976
0.015192036244025682 0.015173327591811446 0.011078982758714976 0.011064305126420206
0.015173327591811446 0.015154556348490552 0.011064305126420206 0.01104958834681187
0.015154556348490552 0.015135722224007487 0.01104958834681187 0.011034832230482312
0.015135722224007487 0.015116824925992613 0.011034832230482312 0.01102003658647386
0.015116824925992613 0.015097864159735864 0.01102003658647386 0.01100520122226091
0.015097864159735864 0.015078839628160158 0.01100520122226091 0.010990325943731775
0.015078839628160158 0.01505975103179432 0.010990325943731775 0.010975410555170215
0.015059751031794319 0.01504059806874567 0.010975410555170215 0.010960454859236732
0.01504059806874567 0.015021380434672172 0.010960454859236732 0.010945458656949564
0.015021380434672172 0.015002097822754188 0.010945458656949564 0.010930421747665394
0.015002097822754188 0.014982749923665762 0.010930421747665394 0.010915343929059754
0.014982749923665762 0.014963336425545539 0.010915343929059754 0.010900224997107145
0.014963336425545539 0.014943857013967205 0.010900224997107145 0.010885064746060867
0.014943857013967205 0.014924311371909478 0.010885064746060867 0.0108698629684325
0.014924311371909478 0.014904699179725646 0.0108698629684325 0.01085461945497109
0.014904699179725646 0.014885020115112661 0.01085461945497109 0.01083933399464202
0.014885020115112661 0.014865273853079747 0.01083933399464202 0.01082400637460556
0.014865273853079747 0.014845460065916503 0.01082400637460556 0.010808636380195046
0.014845460065916503 0.01482557842316055 0.010808636380195046 0.010793223794894748
0.01482557842316055 0.01480562859156468 0.010793223794894748 0.010777768400317392
0.01480562859156468 0.01478561023506344 0.010777768400317392 0.010762269976181326
0.01478561023506344 0.014765523014739266 0.010762269976181326 0.010746728300287299
0.014765523014739266 0.01474536658878805 0.010746728300287296 0.010731143148494913
0.014745366588788056 0.014725140612484179 0.010731143148494915 0.010715514294698676
0.014725140612484176 0.014704844738144986 0.010715514294698676 0.010699841510803672
0.014704844738144988 0.014684478615094728 0.010699841510803675 0.01068412456670087
0.014684478615094724 0.01466404188962788 0.010684124566700866 0.010668363230241965
0.01466404188962788 0.014643534204971952 0.010668363230241963 0.010652557267213921
0.014643534204971954 0.014622955201249632 0.010652557267213923 0.010636706441313013
0.014622955201249628 0.014602304515440352 0.010636706441313011 0.010620810514118461
0.014602304515440354 0.014581581781341264 0.010620810514118461 0.010604869245065686
0.014581581781341262 0.014560786629527533 0.010604869245065684 0.010588882391419066
0.014560786629527533 0.014539918687312029 0.010588882391419066 0.010572849708244281
0.014539918687312027 0.014518977578704335 0.010572849708244281 0.010556770948380189
0.014518977578704335 0.014497962924369105 0.010556770948380192 0.010540645862410247
0.014497962924369103 0.014476874341583741 0.010540645862410245 0.010524474198633428
0.014476874341583745 0.014455711444195366 0.01052447419863343 0.010508255703034706
0.014455711444195362 0.014434473842577063 0.010508255703034708 0.010491990119254987
0.014434473842577062 0.014413161143583446 0.01049199011925499 0.010475677188560585
0.014413161143583443 0.014391772950505451 0.010475677188560581 0.01045931664981214
0.014391772950505446 0.014370308863024359 0.010459316649812138 0.010442908239433057
0.01437030886302436 0.01434876847716512 0.010442908239433061 0.010426451691377367
0.014348768477165116 0.014327151385248775 0.010426451691377365 0.010409946737097057
0.01432715138524878 0.014305457175844215 0.010409946737097059 0.010393393105508845
0.014305457175844215 0.014283685433718989 0.010393393105508842 0.010376790522960372
0.014283685433718992 0.014261835739789381 0.010376790522960373 0.010360138713195832
0.014261835739789383 0.014239907671069557 0.010360138713195834 0.010343437397320977
0.014239907671069559 0.0142179008006199 0.010343437397320977 0.010326686293767531
0.014217900800619897 0.014195814697494395 0.01032668629376753 0.010309885118256987
0.014195814697494397 0.01417364892668718 0.010309885118256989 0.010293033583763761
0.014173648926687175 0.014151403049078085 0.010293033583763761 0.0102761314004777
0.014151403049078085 0.014129076621377292 0.010276131400477699 0.01025917827576592
0.01412907662137729 0.014106669196068997 0.010259178275765918 0.010242173914133977
0.014106669196068995 0.014084180321354068 0.010242173914133974 0.010225118017186358
0.014084180321354072 0.014061609541091744 0.01022511801718636 0.010208010283586248
0.014061609541091742 0.014038956394740211 0.010208010283586246 0.01019085040901455
0.014038956394740214 0.014016220417296254 0.01019085040901455 0.010173638086128228
0.014016220417296252 0.013993401139233688 0.010173638086128228 0.010156373004517863
0.01399340113923369 0.013970498086440804 0.010156373004517865 0.010139054850664417
0.013970498086440802 0.013947510780156604 0.010139054850664415 0.010121683307895243
0.013947510780156604 0.013924438736905954 0.010121683307895243 0.010104258056339278
0.013924438736905952 0.013901281468433498 0.010104258056339277 0.010086778772881404
0.0139012814684335 0.013878038481636433 0.010086778772881406 0.010069245131115977
0.01387803848163643 0.013854709278495967 0.010069245131115977 0.010051656801299477
0.01385470927849597 0.013831293356007641 0.010051656801299477 0.010034013450302304
0.013831293356007641 0.013807790206110226 0.010034013450302302 0.010016314741559649
0.013807790206110228 0.013784199315613428 0.01001631474155965 0.009998560335021448
0.013784199315613425 0.013760520166124146 0.009998560335021448 0.009980749887101398
0.013760520166124144 0.01373675223397146 0.009980749887101396 0.009962883050625
0.013736752233971462 0.013712894990130087 0.009962883050625001 0.009944959474776622
0.013712894990130082 0.013688947900142504 0.00994495947477662 0.00992697880504554
0.013688947900142506 0.013664910424039545 0.009926978805045542 0.009908940683170957
0.013664910424039544 0.01364078201625949 0.009908940683170955 0.009890844747085941
0.013640782016259491 0.013616562125565624 0.009890844747085941 0.009872690630860315
0.013616562125565619 0.01359225019496221 0.00987269063086031 0.009854477964642389
0.013592250194962211 0.013567845661608855 0.00985447796464239 0.00983620637459961
0.013567845661608851 0.013543347956733188 0.009836206374599608 0.009817875482857981
0.013543347956733186 0.01351875650554189 0.009817875482857981 0.009799484907440365
0.013518756505541884 0.013494070727129936 0.009799484907440361 0.009781034262203487
0.013494070727129938 0.013469290034388131 0.00978103426220349 0.009762523156773773
0.013469290034388128 0.013444413833908722 0.009762523156773771 0.009743951196481805
0.01344441383390872 0.013419441525889253 0.009743951196481804 0.009725317982295567
0.013419441525889251 0.013394372504034437 0.009725317982295567 0.00970662311075227
0.013394372504034434 0.013369206155456096 0.009706623110752268 0.009687866173888835
0.0133692061554561 0.013343941860571114 0.009687866173888839 0.009669046759170956
0.01334394186057111 0.013318578992997283 0.009669046759170954 0.009650164449420693
0.013318578992997283 0.013293116919447113 0.009650164449420693 0.009631218822742631
0.013293116919447111 0.013267554999619421 0.00963121882274263 0.00961220945244846
0.013267554999619421 0.013241892586088749 0.009612209452448464 0.009593135906980046
0.013241892586088747 0.01321612902419248 0.009593135906980044 0.00957399774983083
0.013216129024192481 0.013190263651915684 0.009573997749830832 0.009554794539465696
0.013190263651915684 0.013164295799773506 0.009554794539465694 0.009535525829239033
0.013164295799773507 0.013138224790691167 0.009535525829239035 0.009516191167311169
0.013138224790691167 0.01311204993988143 0.009516191167311165 0.009496790096562957
0.013112049939881429 0.013085770554719508 0.009496790096562955 0.009477322154508621
0.013085770554719508 0.013059385934615312 0.009477322154508621 0.00945778687320666
0.013059385934615308 0.013032895370883004 0.00945778687320666 0.009438183779168878
0.013032895370883008 0.013006298146607803 0.009438183779168881 0.009418512393267468
0.013006298146607802 0.012979593536509858 0.009418512393267464 0.009398772230640003
0.012979593536509862 0.01295278080680528 0.009398772230640003 0.009378962800592465
0.01295278080680528 0.012925859215064115 0.009378962800592463 0.009359083606500038
0.012925859215064117 0.012898828010065267 0.00935908360650004 0.009339134145705802
0.012898828010065264 0.01287168643164822 0.009339134145705802 0.009319113909417124
0.012871686431648221 0.012844433710561532 0.009319113909417124 0.009299022382599777
0.012844433710561527 0.012817069068307981 0.009299022382599777 0.009278859043869686
0.012817069068307983 0.012789591716986288 0.009278859043869688 0.00925862336538224
0.012789591716986286 0.01276200085912928 0.00925862336538224 0.009238314812719087
0.012762000859129279 0.012734295687538484 0.009238314812719086 0.009217932844772389
0.01273429568753849 0.012706475385114971 0.009217932844772389 0.009197476913626419
0.012706475385114971 0.012678539124686338 0.009197476913626417 0.009176946464436432
0.012678539124686344 0.012650486068829852 0.009176946464436434 0.009156340935304777
0.012650486068829852 0.012622315369691436 0.009156340935304774 0.009135659757154087
0.01262231536969144 0.012594026168800598 0.009135659757154087 0.009114902353597581
0.012594026168800596 0.012565617596881027 0.009114902353597581 0.009094068140806268
0.01256561759688103 0.012537088773656814 0.009094068140806268 0.009073156527373047
0.012537088773656812 0.012508438807654135 0.009073156527373047 0.009052166914173614
0.012508438807654136 0.012479666795998318 0.009052166914173617 0.009031098694224023
0.01247966679599832 0.012450771824206074 0.009031098694224023 0.009009951252534856
0.012450771824206076 0.01242175296597283 0.009009951252534858 0.008988723965961898
0.012421752965972827 0.012392609282955002 0.008988723965961896 0.008967416203053176
0.012392609282955 0.012363339824547015 0.008967416203053172 0.008946027323892297
0.012363339824547018 0.012333943627652989 0.008946027323892297 0.008924556679937965
0.012333943627652987 0.012304419716452832 0.008924556679937962 0.008903003613859517
0.012304419716452833 0.012274767102162725 0.008903003613859518 0.008881367459368439
0.012274767102162722 0.012244984782789623 0.008881367459368435 0.008859647541045656
0.012244984782789625 0.012215071742879821 0.008859647541045656 0.008837843174164549
0.01221507174287982 0.012185026953261175 0.008837843174164545 0.008815953664509463
0.012185026953261178 0.012154849370779028 0.008815953664509463 0.008793978308189697
0.012154849370779024 0.012124537938025362 0.008793978308189693 0.008771916391448704
0.012124537938025365 0.012094091583061283 0.008771916391448704 0.008749767190468462
0.012094091583061281 0.01206350921913233 0.00874976719046846 0.008727529971168775
0.012063509219132334 0.012032789744376642 0.008727529971168777 0.008705203989001422
0.01203278974437664 0.012001932041525524 0.008705203989001419 0.0086827884887389
0.012001932041525522 0.011970934977596402 0.008682788488738899 0.008660282704257706
0.011970934977596404 0.011939797403577718 0.008660282704257706 0.00863768585831586
0.011939797403577717 0.011908518154105645 0.008637685858315858 0.008614997162324547
0.011908518154105648 0.011877096047132305 0.008614997162324547 0.008592215816113712
0.011877096047132305 0.011845529883585212 0.00859221581611371 0.008569341007691317
0.011845529883585214 0.01181381844701767 0.00856934100769132 0.008546371912996181
0.011813818447017668 0.011781960503249813 0.008546371912996176 0.008523307695644019
0.011781960503249814 0.011749954800000005 0.008523307695644019 0.008500147506666668